Debug Information

/===================>Head<===========================\
|| version: 805840897
|| date: 周日 4月 21 09:49:15 2024
|| ptr: 16
|| total size: 968
\====================================================/


/===================>Project<===========================\
|| type: project
|| sub-widget: 2
|| prop size: 48
|| project rotate: 0  [(0-0),(1-90),(2-180),(3-270)]
|| offset prop_len  t_ptr  t_size   crc       crc       crc
||   40      306      310      36      bb33      356e      2e21
||   346      c2      3f6      12      2799      2244      3047
\====================================================/


 02  01  00  00  00  FF  FF  FF  00  00  00  00  00  00  00  00 
10  27  00  00  10  27  00  00  1C  00  00  00  04  01  01  20 
00  FF  FF  FF  00  10  00  04  A4  02  00  00  02  FF  FF  FF 
C8  02  00  00  CC  02  00  00  3C  00  00  00  03  02  01  1C 
00  FF  FF  FF  00  0C  00  04  78  02  00  00  9C  02  00  00 
A0  02  00  00  58  00  00  00  08  00  01  34  00  FF  FF  FF 
00  20  00  04  38  02  00  00  6E  6F  6E  65  00  00  00  00 
00  FF  00  00  00  00  02  FF  FA  00  FF  FF  5C  02  00  00 
00  00  00  00  70  02  00  00  74  02  00  00  18  04  01  24 
00  FF  FF  FF  00  60  00  04  0C  02  00  00  72  74  63  00 
03  00  00  00  30  02  00  00  34  02  00  00  B0  00  00  00 
19  00  01  1C  00  FF  FF  FF  00  64  00  04  E4  01  00  00 
17  00  1B  00  E3  00  E3  00  08  02  00  00  1A  00  01  1C 
00  FF  FF  FF  00  68  00  04  BC  01  00  00  16  00  19  00 
E3  00  E3  00  E0  01  00  00  1B  00  01  1C  00  FF  FF  FF 
00  6C  00  04  94  01  00  00  16  00  19  00  E3  00  E3  00 
B8  01  00  00  0A  00  01  64  00  FF  FF  FF  00  28  00  04 
68  01  00  00  72  74  63  00  03  00  00  00  00  FF  FF  FF 
68  3A  6D  3A  73  00  00  00  58  B3  65  05  38  9B  F5  00 
00  00  00  64  FF  FF  00  64  08  00  09  00  0A  00  0B  00 
0C  00  0D  00  0E  00  0F  00  10  00  11  00  13  00  14  00 
FF  FF  FF  FF  FF  FF  FF  FF  FF  FF  FF  FF  FF  FF  FF  FF 
8C  01  00  00  90  01  00  00  01  00  00  FF  9B  09  00  00 
D5  16  00  00  05  14  00  00  78  06  00  00  FF  FF  FF  64 
FF  FF  FF  FF  00  00  00  00  FF  FF  FF  64  00  00  FF  FF 
00  00  FF  FF  01  00  00  FF  94  11  00  00  74  01  00  00 
12  04  00  00  88  13  00  00  FF  FF  FF  64  FF  FF  FF  FF 
00  00  00  00  FF  FF  FF  64  01  00  12  00  01  00  00  FF 
94  11  00  00  74  01  00  00  12  04  00  00  88  13  00  00 
FF  FF  FF  64  FF  FF  FF  FF  00  00  00  00  FF  FF  FF  64 
01  00  12  00  01  00  00  FF  94  11  00  00  0D  08  00  00 
12  04  00  00  DC  0D  00  00  FF  FF  FF  64  FF  FF  FF  FF 
00  00  00  00  FF  FF  FF  64  01  00  07  00  01  00  00  FF 
00  00  00  00  00  00  00  00  10  27  00  00  10  27  00  00 
FF  FF  FF  64  FF  FF  FF  FF  00  00  00  00  FF  FF  FF  64 
00  00  FF  FF  00  00  FF  FF  01  00  00  FF  00  00  00  00 
00  00  00  00  10  27  00  00  10  27  00  00  FF  FF  FF  64 
FF  FF  FF  FF  00  00  00  00  FF  FF  FF  64  06  00  01  00 
02  00  03  00  04  00  05  00  06  00  FF  FF  00  00  FF  FF 
00  00  FF  FF  00  00  FF  FF  01  00  00  FF  00  00  00  00 
00  00  00  00  10  27  00  00  10  27  00  00  FF  FF  FF  64 
FF  FF  FF  FF  00  00  00  00  FF  FF  FF  64  00  00  FF  FF 
00  00  FF  FF  01  00  00  FF  00  00  00  00  00  00  00  00 
10  27  00  00  10  27  00  00  00  00  00  64  FF  FF  FF  FF 
00  00  00  00  FF  FF  FF  64  00  00  FF  FF  00  00  FF  FF 
10  01  60  01  64  01  F4  00  00  01  D8  00  E4  00  BC  00 
C8  00  98  00  A4  00  A8  00  AC  00  64  00  7C  00  80  00 
84  00  88  00  48  00  4C  00  50  00  54  00  28  00  30  00 
34  00  38  00  18  00  02  01  00  00  00  FF  FF  FF  00  00 
00  00  00  00  00  00  10  27  00  00  10  27  00  00  1C  00 
00  00  04  01  01  20  01  FF  FF  FF  00  10  02  04  84  00 
00  00  02  FF  FF  FF  A8  00  00  00  AC  00  00  00  3C  00 
00  00  03  00  01  1C  01  FF  FF  FF  00  0C  02  04  58  00 
00  00  7C  00  00  00  80  00  00  00  58  00  00  00  01  00 
00  FF  00  00  00  00  00  00  00  00  10  27  00  00  10  27 
00  00  00  00  00  64  FF  FF  FF  FF  00  00  00  00  FF  FF 
FF  64  00  00  FF  FF  00  00  FF  FF  01  00  00  FF  00  00 
00  00  00  00  00  00  10  27  00  00  10  27  00  00  00  00 
00  64  FF  FF  FF  FF  00  00  00  00  FF  FF  FF  64  00  00 
FF  FF  00  00  FF  FF  48  00  4C  00  50  00  54  00  28  00 
30  00  34  00  38  00  18  00 
